//Parameters for the coalescence simulation program : simcoal.exe
16 samples to simulate 
//Population effective sizes (number of genes 2*diploids)
157
157
157
157
157
157
157
157
157
157
157
157
157
157
157
157
//Sample sizes (number of genes 2*diploids)
157
157
157
157
157
157
157
157
157
157
157
157
157
157
157
157
//Growth rates	: negative growth implies population expansion
0
0
0
0
0
0
0
0
0
0
0
0
0
0
0
0
//Number of migration matrices : 0 implies no migration between demes
2
//Migration rates matrix 0
0 0.001 0.001 0.001 0.001 0.001 0.001 0.001 0.001 0.001 0.001 0.001 0.001 0.001 0.001 0.001
0.001 0 0.001 0.001 0.001 0.001 0.001 0.001 0.001 0.001 0.001 0.001 0.001 0.001 0.001 0.001
0.001 0.001 0 0.001 0.001 0.001 0.001 0.001 0.001 0.001 0.001 0.001 0.001 0.001 0.001 0.001
0.001 0.001 0.001 0 0.001 0.001 0.001 0.001 0.001 0.001 0.001 0.001 0.001 0.001 0.001 0.001
0.001 0.001 0.001 0.001 0 0.001 0.001 0.001 0.001 0.001 0.001 0.001 0.001 0.001 0.001 0.001
0.001 0.001 0.001 0.001 0.001 0 0.001 0.001 0.001 0.001 0.001 0.001 0.001 0.001 0.001 0.001
0.001 0.001 0.001 0.001 0.001 0.001 0 0.001 0.001 0.001 0.001 0.001 0.001 0.001 0.001 0.001
0.001 0.001 0.001 0.001 0.001 0.001 0.001 0 0.001 0.001 0.001 0.001 0.001 0.001 0.001 0.001
0.001 0.001 0.001 0.001 0.001 0.001 0.001 0.001 0 0.001 0.001 0.001 0.001 0.001 0.001 0.001
0.001 0.001 0.001 0.001 0.001 0.001 0.001 0.001 0.001 0 0.001 0.001 0.001 0.001 0.001 0.001
0.001 0.001 0.001 0.001 0.001 0.001 0.001 0.001 0.001 0.001 0 0.001 0.001 0.001 0.001 0.001
0.001 0.001 0.001 0.001 0.001 0.001 0.001 0.001 0.001 0.001 0.001 0 0.001 0.001 0.001 0.001
0.001 0.001 0.001 0.001 0.001 0.001 0.001 0.001 0.001 0.001 0.001 0.001 0 0.001 0.001 0.001
0.001 0.001 0.001 0.001 0.001 0.001 0.001 0.001 0.001 0.001 0.001 0.001 0.001 0 0.001 0.001
0.001 0.001 0.001 0.001 0.001 0.001 0.001 0.001 0.001 0.001 0.001 0.001 0.001 0.001 0 0.001
0.001 0.001 0.001 0.001 0.001 0.001 0.001 0.001 0.001 0.001 0.001 0.001 0.001 0.001 0.001 0
//Migration rates matrix 1
0 0 0 0 0 0 0 0 0 0 0 0 0 0 0 0
0 0 0 0 0 0 0 0 0 0 0 0 0 0 0 0
0 0 0 0 0 0 0 0 0 0 0 0 0 0 0 0
0 0 0 0 0 0 0 0 0 0 0 0 0 0 0 0
0 0 0 0 0 0 0 0 0 0 0 0 0 0 0 0
0 0 0 0 0 0 0 0 0 0 0 0 0 0 0 0
0 0 0 0 0 0 0 0 0 0 0 0 0 0 0 0
0 0 0 0 0 0 0 0 0 0 0 0 0 0 0 0
0 0 0 0 0 0 0 0 0 0 0 0 0 0 0 0
0 0 0 0 0 0 0 0 0 0 0 0 0 0 0 0
0 0 0 0 0 0 0 0 0 0 0 0 0 0 0 0
0 0 0 0 0 0 0 0 0 0 0 0 0 0 0 0
0 0 0 0 0 0 0 0 0 0 0 0 0 0 0 0
0 0 0 0 0 0 0 0 0 0 0 0 0 0 0 0
0 0 0 0 0 0 0 0 0 0 0 0 0 0 0 0
0 0 0 0 0 0 0 0 0 0 0 0 0 0 0 0
//historical event: time, source, sink, migrants, new deme size, new growth rate, migration matrix index
16 historical events
50000 0 0 0 1.00 0 1
50000 1 0 1 1.00 0 1
50000 2 0 1 1.00 0 1
50000 3 0 1 1.00 0 1
50000 4 0 1 1.00 0 1
50000 5 0 1 1.00 0 1
50000 6 0 1 1.00 0 1
50000 7 0 1 1.00 0 1
50000 8 0 1 1.00 0 1
50000 9 0 1 1.00 0 1
50000 10 0 1 1.00 0 1
50000 11 0 1 1.00 0 1
50000 12 0 1 1.00 0 1
50000 13 0 1 1.00 0 1
50000 14 0 1 1.00 0 1
50000 15 0 1 1.00 0 1
//Number of independent loci [chromosome] (Number of sequences of 300 bp per gamete)
50 0
// Chromosome structure 1 begins with number of loci
1
//per block: data type, number of loci, per generation recombination and mutation rates and optional parameters
DNA      1        0          0.0025           0.33
