//Number of population samples (demes)
16
//Population effective sizes (number of genes)
150
150
150
150
150
150
150
150
150
150
150
150
150
150
150
150
//Sample sizes, times, inbreeding
150 0 0
150 0 0
150 0 0
150 0 0
150 0 0
150 0 0
150 0 0
150 0 0
150 0 0
150 0 0
150 0 0
150 0 0
150 0 0
150 0 0
150 0 0
150 0 0
//Growth rates: negative growth implies population expansion
0
0
0
0
0
0
0
0
0
0
0
0
0
0
0
0
//Number of migration matrices: 0 implies no migration between demes
2
//migration matrix
0 0.01 0.01 0.01 0.01 0.01 0.01 0.01 0.01 0.01 0.01 0.01 0.01 0.01 0.01 0.01
0.01 0 0.01 0.01 0.01 0.01 0.01 0.01 0.01 0.01 0.01 0.01 0.01 0.01 0.01 0.01
0.01 0.01 0 0.01 0.01 0.01 0.01 0.01 0.01 0.01 0.01 0.01 0.01 0.01 0.01 0.01
0.01 0.01 0.01 0 0.01 0.01 0.01 0.01 0.01 0.01 0.01 0.01 0.01 0.01 0.01 0.01
0.01 0.01 0.01 0.01 0 0.01 0.01 0.01 0.01 0.01 0.01 0.01 0.01 0.01 0.01 0.01
0.01 0.01 0.01 0.01 0.01 0 0.01 0.01 0.01 0.01 0.01 0.01 0.01 0.01 0.01 0.01
0.01 0.01 0.01 0.01 0.01 0.01 0 0.01 0.01 0.01 0.01 0.01 0.01 0.01 0.01 0.01
0.01 0.01 0.01 0.01 0.01 0.01 0.01 0 0.01 0.01 0.01 0.01 0.01 0.01 0.01 0.01
0.01 0.01 0.01 0.01 0.01 0.01 0.01 0.01 0 0.01 0.01 0.01 0.01 0.01 0.01 0.01
0.01 0.01 0.01 0.01 0.01 0.01 0.01 0.01 0.01 0 0.01 0.01 0.01 0.01 0.01 0.01
0.01 0.01 0.01 0.01 0.01 0.01 0.01 0.01 0.01 0.01 0 0.01 0.01 0.01 0.01 0.01
0.01 0.01 0.01 0.01 0.01 0.01 0.01 0.01 0.01 0.01 0.01 0 0.01 0.01 0.01 0.01
0.01 0.01 0.01 0.01 0.01 0.01 0.01 0.01 0.01 0.01 0.01 0.01 0 0.01 0.01 0.01
0.01 0.01 0.01 0.01 0.01 0.01 0.01 0.01 0.01 0.01 0.01 0.01 0.01 0 0.01 0.01
0.01 0.01 0.01 0.01 0.01 0.01 0.01 0.01 0.01 0.01 0.01 0.01 0.01 0.01 0 0.01
0.01 0.01 0.01 0.01 0.01 0.01 0.01 0.01 0.01 0.01 0.01 0.01 0.01 0.01 0.01 0
//migration matrix
0 0 0 0 0 0 0 0 0 0 0 0 0 0 0 0
0 0 0 0 0 0 0 0 0 0 0 0 0 0 0 0
0 0 0 0 0 0 0 0 0 0 0 0 0 0 0 0
0 0 0 0 0 0 0 0 0 0 0 0 0 0 0 0
0 0 0 0 0 0 0 0 0 0 0 0 0 0 0 0
0 0 0 0 0 0 0 0 0 0 0 0 0 0 0 0
0 0 0 0 0 0 0 0 0 0 0 0 0 0 0 0
0 0 0 0 0 0 0 0 0 0 0 0 0 0 0 0
0 0 0 0 0 0 0 0 0 0 0 0 0 0 0 0
0 0 0 0 0 0 0 0 0 0 0 0 0 0 0 0
0 0 0 0 0 0 0 0 0 0 0 0 0 0 0 0
0 0 0 0 0 0 0 0 0 0 0 0 0 0 0 0
0 0 0 0 0 0 0 0 0 0 0 0 0 0 0 0
0 0 0 0 0 0 0 0 0 0 0 0 0 0 0 0
0 0 0 0 0 0 0 0 0 0 0 0 0 0 0 0
0 0 0 0 0 0 0 0 0 0 0 0 0 0 0 0
//Historical events: time, source, sink, migrants, new size, growth rate, migr. matrix
16
50000 0 0 0 1 0 1
50000 1 0 1 1 0 1
50000 2 0 1 1 0 1
50000 3 0 1 1 0 1
50000 4 0 1 1 0 1
50000 5 0 1 1 0 1
50000 6 0 1 1 0 1
50000 7 0 1 1 0 1
50000 8 0 1 1 0 1
50000 9 0 1 1 0 1
50000 10 0 1 1 0 1
50000 11 0 1 1 0 1
50000 12 0 1 1 0 1
50000 13 0 1 1 0 1
50000 14 0 1 1 0 1
50000 15 0 1 1 0 1
//Number of independent loci [chromosomes]
5 0
//Per chromosome: Number of linkage blocks
4
//Per block: data type, num loci, rec. rate and mut rate + optional parameters
DNA 25 0 0.00000001 0.333333333333333  
DNA 25 0 0.00000001 0.333333333333333  
DNA 25 0 0.00000001 0.333333333333333  
DNA 25 0 0.00000001 0.333333333333333  
